00000000000000000100000000100000
00000000000000000110000000100000
00000000000000000110100000100000
00100000000001000010000000000000
00100000000001010010000000101000
10001100101001010000000000000000
00100001110011100000000000000001
00000000000010000100100010000000
00000000100010010101000000100000
10101101010010000000000000000000
00100001000010000000000000000001
00000001100010000110000000100000
00000001000001010101100000101010
00010001011011101111111111111001
00000000100000000110100000100000
00000000000000000000000000000000

00000000000000000000000000000000
00000000000000000000000000000000
00000000000000000000000000000000
00000000000000000000000000000000
00000000000000000000000000000000
00000000000000000000000000000000
00000000000000000000000000000000
00000000000000000000000000000000
00000000000000000000000000000000
00000000000000000000000000000000
00000000000000000000000000001010
00100000011001010110100001010100
00100000011011010111010101110011
01101110001000000110011001101111
01100101011000100110110101110101
01101001001000000111001101110010
01110010011000010010000001101110
00100000011110010110000101110010
00100000001110100111001101101001
00000000000000000000000000000000
00000000000000000000000000000000
00000000000000000000000000000000
00000000000000000000000000000000
00000000000000000000000000000000
00000000000000000000000000000000
00000000000000000000000000000000
00000000000000000000000000000000
